add $s0, $zero, $zero					# a = 0
000000 00000 00000 10000 00000 100000
0000 0000 0000 0000 1000 0000 0010 0000
 0    0    0    0    8    0    2    0

addi $s1, $zero, 1					# b = 1
001000 00000 10001 0000000000000001
0010 0000 0001 0001 0000 0000 0000 0001
 2    0    1    1    0    0    0    1

 
 addi $s2, $zero, 20					# n = 20
001000 00000 10010 0000000000010100
0010 0000 0001 0010 0000 0000 0001 0100
 2    0    1    2    0    0    1    4
 
 add $s3 , $zero, $zero				# i = 0
 000000 00000 00000 10011 00000 100000
 0000 0000 0000 0000 1001 1000 0010 0000
  0    0    0    0    9    8    2    0
  
 slt $t0, $s3, $s2				# t0 = se i < n 
 000000 10011 10010 01000 00000 101010
 0000 0010 0111 0010 0100 0000 0010 1010
  0    2    7    2    4    0    2    A
  
 beq $t0, $zero, SAIFOR				# se t0 == 0, saifor
 000100 01000 00000 0000000000001011
 0001 0001 0000 0000 0000 0000 0000 1011
  1    1    0    0    0    0    0    D
  
 add $t1, $s0, $s1				# temp = a+b	
 000000 10000 10001 01001 00000 100000
 0000 0010 0001 0001 0100 1000 0010 0000
  0    2    1    1    4    8    2    0
  
 add $s0, $zero, $s1				# a = b
 000000 00000 10001 10000 00000 100000
 0000 0000 0001 0001 1000 0000 0010 0000
  0    0    1    1    8    0    2    0
  
 	li $v0, 1  => addiu $v0 ,$zero, 1
  001001 00000 00010 0000000000000001
  0010 0100 0000 0010 0000 0000 0000 0001
   2    4    0    2    0    0    0    1
   
 	la $a0, 0($s1)		=> ori $at, $zero, 0			#printf ("%d",b) 
  001101 00000 00001 0000000000000000
  0011 0100 0000 0002 0000 0000 0000 0000
   3     4   0    1    0    0    0    0
   
  add $a0, $s1, $at
  000000 10001 00001 00100 00000 100000
  0000 0010 0010 0001 0010 0000 0010 0000
   0    2    2    1    2    0    2    0
   
  li $v0, 4 => addiu $v0, $zero, 4
  001001 00000 00010 0000000000000100
  0010 0100 0000 0010 0000 0000 0000 0100
   2    4    0    2    0    0    0    4
  
 	la $a0, esp => lui $at, esp
  001111 00000 00001 0000000000000001
  0011 1100 0000 0001 0001 0000 0000 0001
   3    C    0    1    1    0    0    1
   
  ori $a0, $at, 0
  001101 00001 00100 0000000000000000
  0011 0100 0010 0100 0000 0000 0000 0000
   3    4    2    4    0    0    0    0
  
 	add $s1, $zero, $t1				# b = temp
  000000 00000 01001 10001 00000 100000
  0000 0000 0000 1001 1000 1000 0010 0000
   0    0    0    9    8    8    2    0
   
  addi $s3, $s3, 1				# i++
  001000 10011 10011 0000000000000001
  0010 0010 0111 0011 0000 0000 0000 0001
   2    2    7    3    0    0    0    1
  
  j FOR
  000010 00000100000000000000000100
  0000 1000 0001 0000 0000 0000 0000 0100
   0    8    1    0    0    0    0    4
   
  
  
   
   
  
  
 
 
